1 2 a 1
1 50 b 7
1 70 c 1
1 63 d 2
1 3 e 15
1 46 f 1
1 86 g 17
1 30 h 17
1 45 i 10
1 18 j 6
1 85 k 1
1 72 l 5
1 34 m 6
1 3 n 2
1 22 o 2
1 9 p 16
1 19 q 7
1 90 r 12
1 6 s 16
1 20 t 10
2 3 a 5
2 20 b 4
2 4 c 10
2 87 d 9
2 35 e 16
2 34 f 17
2 95 g 8
2 91 h 17
2 87 i 6
2 94 j 5
2 56 k 11
2 46 l 0
2 31 m 4
2 91 n 6
2 61 o 13
2 63 p 0
2 45 q 2
2 20 r 3
2 49 s 13
2 97 t 4
3 4 a 12
3 54 b 16
3 8 c 5
3 90 d 10
3 56 e 16
3 15 f 2
3 98 g 18
3 33 h 15
3 3 i 1
3 7 j 7
3 24 k 11
3 15 l 17
3 44 m 12
3 69 n 17
3 71 o 0
3 86 p 18
3 75 q 1
3 1 r 8
3 93 s 14
3 24 t 9
4 5 a 5
4 100 b 4
4 91 c 12
4 83 d 2
4 25 e 8
4 65 f 11
4 93 g 7
4 25 h 14
4 96 i 15
4 33 j 19
4 77 k 8
4 85 l 3
4 62 m 14
4 94 n 18
4 67 o 11
4 10 p 13
4 76 q 2
4 67 r 15
4 17 s 15
4 72 t 6
5 6 a 9
5 39 b 11
5 20 c 11
5 93 d 19
5 76 e 12
5 93 f 8
5 62 g 9
5 41 h 4
5 27 i 13
5 53 j 7
5 2 k 17
5 66 l 13
5 92 m 15
5 48 n 15
5 61 o 2
5 30 p 12
5 93 q 13
5 54 r 4
5 88 s 12
5 17 t 19
6 7 a 13
6 89 b 7
6 37 c 16
6 84 d 0
6 64 e 12
6 94 f 15
6 18 g 2
6 54 h 15
6 69 i 2
6 50 j 15
6 95 k 1
6 61 l 8
6 14 m 17
6 37 n 11
6 42 o 7
6 23 p 6
6 51 q 11
6 6 r 8
6 62 s 19
6 98 t 7
7 8 a 9
7 51 b 1
7 34 c 0
7 73 d 7
7 46 e 13
7 93 f 17
7 23 g 13
7 79 h 9
7 14 i 3
7 3 j 12
7 36 k 15
7 37 l 13
7 47 m 14
7 46 n 3
7 98 o 12
7 40 p 16
7 45 q 16
7 30 r 0
7 79 s 0
7 78 t 14
8 9 a 11
8 73 b 15
8 66 c 7
8 5 d 3
8 41 e 10
8 36 f 18
8 17 g 7
8 75 h 15
8 78 i 8
8 31 j 19
8 20 k 0
8 92 l 13
8 8 m 16
8 44 n 8
8 59 o 12
8 61 p 19
8 75 q 16
8 59 r 7
8 73 s 14
8 43 t 15
9 10 a 7
9 98 b 7
9 29 c 13
9 60 d 13
9 29 e 14
9 45 f 12
9 89 g 8
9 7 h 2
9 48 i 10
9 73 j 10
9 15 k 10
9 4 l 18
9 92 m 13
9 36 n 12
9 84 o 10
9 53 p 5
9 98 q 14
9 6 r 7
9 78 s 19
9 19 t 5
10 11 a 6
10 84 b 17
10 67 c 10
10 51 d 3
10 12 e 4
10 59 f 14
10 93 g 13
10 24 h 7
10 21 i 15
10 72 j 0
10 72 k 7
10 21 l 13
10 25 m 12
10 90 n 11
10 39 o 15
10 10 p 4
10 16 q 15
10 58 r 0
10 14 s 3
10 53 t 17
11 12 a 17
11 42 b 11
11 62 c 1
11 16 d 3
11 65 e 2
11 27 f 6
11 16 g 10
11 78 h 5
11 58 i 18
11 55 j 1
11 55 k 2
11 67 l 11
11 53 m 2
11 51 n 8
11 95 o 6
11 64 p 17
11 96 q 1
11 64 r 14
11 74 s 8
11 17 t 11
12 13 a 1
12 15 b 8
12 69 c 0
12 90 d 13
12 57 e 9
12 15 f 18
12 7 g 7
12 21 h 3
12 64 i 4
12 64 j 6
12 68 k 11
12 41 l 0
12 90 m 8
12 86 n 0
12 99 o 19
12 5 p 6
12 94 q 7
12 17 r 14
12 32 s 5
12 53 t 4
13 14 a 14
13 78 b 7
13 92 c 7
13 11 d 2
13 46 e 13
13 59 f 18
13 68 g 6
13 33 h 0
13 28 i 6
13 20 j 6
13 41 k 5
13 30 l 13
13 43 m 8
13 75 n 15
13 30 o 8
13 52 p 0
13 88 q 19
13 3 r 0
13 37 s 11
13 61 t 4
14 15 a 12
14 49 b 15
14 48 c 15
14 28 d 0
14 32 e 3
14 81 f 1
14 38 g 18
14 1 h 7
14 32 i 14
14 81 j 13
14 92 k 3
14 63 l 14
14 24 m 3
14 28 n 18
14 84 o 16
14 24 p 6
14 97 q 15
14 5 r 14
14 8 s 15
14 76 t 15
15 16 a 11
15 80 b 15
15 37 c 10
15 62 d 11
15 51 e 7
15 96 f 0
15 96 g 4
15 53 h 11
15 4 i 13
15 58 j 12
15 95 k 4
15 39 l 3
15 41 m 6
15 15 n 5
15 15 o 7
15 59 p 18
15 5 q 7
15 67 r 19
15 9 s 18
15 45 t 8
16 17 a 13
16 32 b 16
16 27 c 1
16 3 d 8
16 49 e 9
16 36 f 14
16 37 g 1
16 96 h 10
16 21 i 4
16 34 j 18
16 100 k 16
16 50 l 8
16 40 m 10
16 11 n 4
16 24 o 6
16 89 p 10
16 12 q 6
16 60 r 3
16 18 s 2
16 58 t 1
17 18 a 18
17 85 b 6
17 64 c 13
17 60 d 14
17 45 e 16
17 42 f 12
17 76 g 12
17 100 h 3
17 6 i 14
17 32 j 7
17 5 k 15
17 88 l 16
17 27 m 11
17 28 n 5
17 84 o 12
17 58 p 0
17 21 q 19
17 57 r 10
17 7 s 13
17 36 t 19
18 19 a 2
18 60 b 12
18 40 c 12
18 14 d 6
18 27 e 9
18 44 f 1
18 80 g 1
18 67 h 4
18 67 i 5
18 32 j 18
18 92 k 6
18 61 l 13
18 73 m 6
18 43 n 1
18 62 o 19
18 73 p 7
18 72 q 19
18 37 r 19
18 43 s 7
18 52 t 8
19 20 a 9
19 25 b 7
19 13 c 18
19 64 d 6
19 73 e 3
19 77 f 2
19 82 g 9
19 17 h 7
19 12 i 10
19 43 j 13
19 36 k 10
19 61 l 14
19 25 m 19
19 84 n 8
19 18 o 11
19 48 p 17
19 78 q 11
19 43 r 7
19 33 s 13
19 52 t 15
20 21 a 3
20 46 b 0
20 45 c 11
20 55 d 19
20 73 e 18
20 63 f 6
20 58 g 0
20 76 h 2
20 100 i 11
20 76 j 9
20 68 k 19
20 10 l 15
20 72 m 9
20 38 n 19
20 63 o 12
20 28 p 14
20 47 q 10
20 33 r 3
20 37 s 12
20 87 t 1
21 22 a 10
21 81 b 2
21 39 c 8
21 1 d 7
21 95 e 10
21 78 f 18
21 4 g 19
21 21 h 0
21 82 i 17
21 5 j 2
21 33 k 10
21 86 l 7
21 96 m 3
21 83 n 9
21 7 o 2
21 11 p 18
21 19 q 1
21 36 r 19
21 78 s 0
21 85 t 6
22 23 a 16
22 65 b 13
22 2 c 7
22 20 d 18
22 45 e 1
22 7 f 13
22 36 g 18
22 7 h 8
22 100 i 11
22 77 j 6
22 77 k 3
22 79 l 8
22 96 m 14
22 33 n 2
22 70 o 4
22 33 p 3
22 28 q 6
22 19 r 15
22 29 s 14
22 47 t 2
23 24 a 16
23 46 b 13
23 96 c 13
23 44 d 13
23 63 e 8
23 64 f 18
23 21 g 2
23 90 h 12
23 91 i 2
23 79 j 2
23 52 k 19
23 97 l 6
23 30 m 16
23 24 n 10
23 84 o 1
23 97 p 17
23 24 q 17
23 13 r 0
23 67 s 15
23 31 t 5
24 25 a 14
24 47 b 16
24 13 c 12
24 78 d 10
24 55 e 16
24 56 f 13
24 70 g 17
24 56 h 0
24 42 i 13
24 29 j 6
24 93 k 13
24 51 l 17
24 97 m 6
24 96 n 18
24 5 o 17
24 11 p 0
24 61 q 4
24 37 r 5
24 81 s 5
24 38 t 0
25 26 a 19
25 32 b 19
25 99 c 1
25 6 d 13
25 8 e 6
25 47 f 11
25 76 g 0
25 59 h 15
25 62 i 10
25 81 j 5
25 48 k 18
25 39 l 11
25 58 m 18
25 47 n 11
25 68 o 0
25 93 p 11
25 16 q 17
25 14 r 5
25 46 s 1
25 24 t 10
26 27 a 15
26 70 b 11
26 97 c 0
26 52 d 17
26 9 e 11
26 70 f 4
26 52 g 12
26 61 h 7
26 57 i 14
26 17 j 1
26 36 k 19
26 97 l 5
26 83 m 3
26 78 n 14
26 14 o 5
26 52 p 17
26 100 q 3
26 98 r 3
26 19 s 17
26 43 t 6
27 28 a 3
27 40 b 8
27 59 c 12
27 1 d 4
27 21 e 19
27 72 f 18
27 100 g 3
27 10 h 0
27 88 i 14
27 45 j 5
27 78 k 4
27 91 l 10
27 70 m 8
27 35 n 2
27 32 o 8
27 27 p 19
27 29 q 13
27 11 r 1
27 92 s 1
27 61 t 5
28 29 a 11
28 77 b 10
28 30 c 3
28 18 d 10
28 4 e 4
28 6 f 8
28 89 g 13
28 82 h 8
28 2 i 0
28 42 j 6
28 48 k 2
28 49 l 13
28 46 m 3
28 52 n 13
28 81 o 9
28 26 p 10
28 47 q 14
28 43 r 9
28 60 s 15
28 75 t 6
29 30 a 17
29 23 b 4
29 78 c 5
29 74 d 0
29 20 e 0
29 81 f 13
29 11 g 0
29 7 h 16
29 25 i 7
29 92 j 9
29 1 k 6
29 43 l 5
29 73 m 3
29 23 n 6
29 5 o 13
29 73 p 4
29 76 q 14
29 36 r 11
29 49 s 15
29 21 t 19
30 31 a 2
30 56 b 12
30 81 c 15
30 60 d 12
30 6 e 3
30 29 f 6
30 8 g 3
30 89 h 15
30 51 i 11
30 77 j 2
30 24 k 10
30 57 l 11
30 95 m 11
30 31 n 19
30 48 o 3
30 96 p 10
30 21 q 1
30 45 r 14
30 44 s 18
30 23 t 4
31 32 a 11
31 14 b 16
31 30 c 3
31 30 d 10
31 20 e 6
31 1 f 16
31 91 g 17
31 70 h 10
31 48 i 7
31 66 j 8
31 100 k 12
31 10 l 5
31 43 m 4
31 46 n 2
31 18 o 17
31 91 p 18
31 12 q 9
31 50 r 4
31 45 s 4
31 18 t 14
32 33 a 7
32 70 b 19
32 12 c 18
32 100 d 8
32 71 e 16
32 77 f 3
32 69 g 4
32 49 h 6
32 2 i 2
32 96 j 3
32 39 k 4
32 32 l 5
32 79 m 15
32 87 n 2
32 51 o 7
32 31 p 4
32 42 q 11
32 67 r 16
32 44 s 1
32 85 t 0
33 34 a 2
33 24 b 9
33 51 c 5
33 64 d 1
33 48 e 3
33 55 f 19
33 59 g 8
33 38 h 18
33 43 i 1
33 73 j 1
33 46 k 18
33 90 l 0
33 91 m 14
33 4 n 18
33 36 o 2
33 23 p 5
33 61 q 13
33 69 r 10
33 5 s 16
33 76 t 9
34 35 a 5
34 92 b 10
34 23 c 10
34 55 d 18
34 48 e 9
34 4 f 10
34 86 g 8
34 21 h 13
34 93 i 11
34 56 j 14
34 61 k 5
34 40 l 1
34 52 m 17
34 54 n 1
34 88 o 4
34 71 p 3
34 32 q 2
34 46 r 16
34 59 s 15
34 69 t 10
35 36 a 10
35 85 b 9
35 50 c 11
35 94 d 7
35 95 e 7
35 88 f 4
35 58 g 16
35 30 h 10
35 74 i 7
35 66 j 18
35 65 k 13
35 82 l 4
35 88 m 19
35 3 n 3
35 53 o 7
35 38 p 14
35 96 q 5
35 22 r 12
35 56 s 5
35 44 t 18
36 37 a 18
36 24 b 15
36 26 c 16
36 44 d 4
36 5 e 0
36 41 f 7
36 5 g 2
36 100 h 8
36 24 i 4
36 44 j 12
36 23 k 15
36 67 l 7
36 46 m 4
36 35 n 16
36 19 o 2
36 17 p 19
36 18 q 14
36 51 r 3
36 32 s 15
36 84 t 19
37 38 a 14
37 12 b 9
37 100 c 7
37 59 d 14
37 91 e 14
37 88 f 0
37 60 g 6
37 78 h 18
37 78 i 19
37 86 j 10
37 40 k 12
37 39 l 6
37 46 m 7
37 20 n 16
37 28 o 6
37 47 p 16
37 62 q 9
37 7 r 3
37 98 s 11
37 61 t 12
38 39 a 5
38 43 b 17
38 83 c 19
38 51 d 5
38 10 e 12
38 48 f 1
38 5 g 5
38 30 h 7
38 88 i 8
38 96 j 7
38 9 k 8
38 87 l 10
38 14 m 6
38 50 n 5
38 10 o 2
38 33 p 14
38 37 q 17
38 91 r 17
38 96 s 2
38 87 t 18
39 40 a 13
39 23 b 2
39 11 c 13
39 44 d 1
39 17 e 14
39 1 f 12
39 23 g 12
39 89 h 18
39 1 i 12
39 50 j 16
39 31 k 0
39 30 l 10
39 87 m 18
39 86 n 3
39 37 o 5
39 74 p 19
39 80 q 13
39 53 r 10
39 29 s 0
39 56 t 1
40 41 a 17
40 31 b 18
40 17 c 2
40 11 d 13
40 44 e 4
40 53 f 12
40 14 g 18
40 45 h 4
40 58 i 17
40 87 j 15
40 25 k 13
40 19 l 8
40 61 m 15
40 35 n 1
40 48 o 19
40 96 p 4
40 13 q 10
40 37 r 11
40 82 s 14
40 100 t 19
41 42 a 9
41 77 b 19
41 62 c 0
41 58 d 16
41 33 e 15
41 25 f 17
41 65 g 2
41 4 h 10
41 36 i 19
41 40 j 19
41 40 k 16
41 17 l 7
41 15 m 10
41 76 n 19
41 12 o 10
41 77 p 19
41 56 q 15
41 52 r 5
41 61 s 8
41 28 t 18
42 43 a 1
42 86 b 4
42 25 c 18
42 62 d 2
42 35 e 0
42 43 f 17
42 50 g 12
42 44 h 14
42 3 i 11
42 31 j 15
42 4 k 4
42 82 l 9
42 96 m 0
42 25 n 1
42 74 o 4
42 69 p 5
42 92 q 10
42 93 r 9
42 95 s 0
42 25 t 0
43 44 a 0
43 69 b 0
43 19 c 9
43 70 d 6
43 77 e 17
43 78 f 11
43 88 g 8
43 44 h 16
43 17 i 6
43 1 j 18
43 1 k 6
43 41 l 6
43 38 m 1
43 76 n 3
43 65 o 6
43 31 p 0
43 56 q 7
43 66 r 19
43 77 s 19
43 38 t 16
44 45 a 7
44 10 b 10
44 71 c 8
44 73 d 14
44 36 e 0
44 65 f 15
44 78 g 4
44 72 h 14
44 54 i 3
44 61 j 18
44 32 k 9
44 38 l 5
44 16 m 13
44 23 n 4
44 60 o 13
44 12 p 10
44 81 q 18
44 91 r 14
44 100 s 12
44 61 t 10
45 46 a 5
45 58 b 18
45 43 c 10
45 87 d 6
45 18 e 1
45 88 f 7
45 45 g 4
45 15 h 6
45 21 i 4
45 69 j 5
45 45 k 19
45 77 l 10
45 11 m 1
45 63 n 1
45 77 o 19
45 50 p 18
45 91 q 18
45 36 r 15
45 23 s 16
45 33 t 0
46 47 a 7
46 97 b 18
46 49 c 12
46 46 d 4
46 50 e 17
46 54 f 7
46 78 g 9
46 67 h 6
46 60 i 14
46 14 j 14
46 50 k 12
46 72 l 8
46 86 m 13
46 13 n 17
46 35 o 16
46 50 p 11
46 89 q 9
46 22 r 11
46 92 s 19
46 47 t 18
47 48 a 19
47 78 b 9
47 1 c 7
47 75 d 6
47 42 e 13
47 33 f 3
47 98 g 4
47 43 h 12
47 40 i 8
47 1 j 12
47 31 k 14
47 73 l 18
47 6 m 13
47 56 n 6
47 29 o 18
47 8 p 12
47 42 q 4
47 6 r 6
47 78 s 13
47 7 t 2
48 49 a 6
48 76 b 10
48 69 c 4
48 65 d 6
48 27 e 10
48 57 f 7
48 49 g 8
48 34 h 9
48 82 i 10
48 35 j 7
48 9 k 2
48 91 l 6
48 99 m 5
48 95 n 0
48 30 o 14
48 65 p 5
48 67 q 11
48 24 r 18
48 86 s 0
48 67 t 0
49 50 a 4
49 95 b 1
49 52 c 12
49 3 d 6
49 22 e 15
49 11 f 9
49 8 g 9
49 6 h 12
49 80 i 0
49 79 j 6
49 9 k 17
49 11 l 4
49 26 m 19
49 10 n 4
49 87 o 7
49 94 p 13
49 91 q 18
49 33 r 6
49 17 s 16
49 17 t 17
50 51 a 19
50 14 b 5
50 14 c 8
50 64 d 12
50 20 e 7
50 95 f 11
50 26 g 11
50 20 h 12
50 49 i 17
50 88 j 11
50 90 k 1
50 88 l 13
50 76 m 10
50 57 n 5
50 92 o 15
50 20 p 16
50 68 q 8
50 83 r 4
50 22 s 8
50 50 t 10
51 52 a 17
51 100 b 1
51 15 c 13
51 53 d 13
51 58 e 8
51 90 f 19
51 97 g 14
51 93 h 5
51 52 i 3
51 50 j 10
51 86 k 2
51 84 l 16
51 77 m 14
51 26 n 2
51 1 o 2
51 76 p 3
51 88 q 8
51 18 r 10
51 4 s 19
51 66 t 17
52 53 a 16
52 12 b 7
52 41 c 12
52 5 d 8
52 86 e 17
52 62 f 0
52 10 g 16
52 49 h 18
52 44 i 9
52 80 j 2
52 2 k 8
52 53 l 16
52 76 m 13
52 99 n 15
52 76 o 14
52 8 p 1
52 10 q 18
52 29 r 1
52 48 s 17
52 59 t 14
53 54 a 14
53 3 b 17
53 63 c 9
53 19 d 11
53 77 e 4
53 7 f 3
53 7 g 6
53 8 h 10
53 93 i 12
53 47 j 13
53 100 k 2
53 41 l 14
53 53 m 9
53 1 n 11
53 31 o 3
53 91 p 5
53 7 q 8
53 33 r 14
53 88 s 17
53 12 t 10
54 55 a 14
54 100 b 0
54 82 c 14
54 11 d 3
54 78 e 5
54 7 f 7
54 48 g 10
54 57 h 5
54 83 i 3
54 35 j 16
54 82 k 8
54 9 l 2
54 93 m 6
54 42 n 19
54 61 o 7
54 88 p 3
54 44 q 3
54 29 r 4
54 8 s 2
54 41 t 17
55 56 a 0
55 27 b 18
55 64 c 3
55 15 d 9
55 23 e 19
55 50 f 10
55 76 g 0
55 73 h 9
55 73 i 12
55 28 j 6
55 3 k 7
55 51 l 17
55 43 m 8
55 13 n 16
55 52 o 2
55 1 p 19
55 83 q 5
55 36 r 1
55 50 s 1
55 56 t 6
56 57 a 11
56 63 b 12
56 1 c 10
56 49 d 13
56 28 e 8
56 59 f 18
56 80 g 13
56 69 h 14
56 44 i 4
56 73 j 18
56 22 k 2
56 86 l 6
56 92 m 0
56 78 n 2
56 83 o 19
56 40 p 3
56 73 q 14
56 56 r 16
56 1 s 7
56 95 t 0
57 58 a 0
57 67 b 9
57 43 c 0
57 45 d 9
57 35 e 2
57 17 f 4
57 63 g 18
57 88 h 0
57 9 i 10
57 2 j 14
57 53 k 16
57 69 l 8
57 48 m 6
57 37 n 0
57 94 o 1
57 91 p 18
57 25 q 12
57 12 r 13
57 51 s 10
57 78 t 11
58 59 a 16
58 26 b 10
58 28 c 16
58 2 d 3
58 53 e 9
58 95 f 7
58 75 g 17
58 67 h 9
58 42 i 4
58 27 j 18
58 97 k 11
58 62 l 13
58 41 m 2
58 16 n 7
58 55 o 3
58 89 p 12
58 54 q 18
58 27 r 11
58 85 s 16
58 59 t 18
59 60 a 16
59 9 b 17
59 42 c 3
59 21 d 17
59 45 e 10
59 94 f 1
59 94 g 12
59 82 h 9
59 94 i 6
59 35 j 14
59 10 k 12
59 67 l 9
59 66 m 17
59 18 n 18
59 29 o 6
59 97 p 4
59 38 q 6
59 10 r 13
59 48 s 2
59 23 t 14
60 61 a 7
60 51 b 11
60 37 c 19
60 51 d 10
60 77 e 3
60 7 f 16
60 51 g 12
60 22 h 6
60 24 i 3
60 28 j 3
60 29 k 5
60 100 l 11
60 6 m 13
60 61 n 17
60 32 o 17
60 50 p 6
60 5 q 0
60 47 r 6
60 25 s 17
60 62 t 15
61 62 a 8
61 57 b 18
61 91 c 6
61 62 d 13
61 8 e 9
61 76 f 8
61 80 g 10
61 85 h 16
61 49 i 14
61 95 j 2
61 11 k 14
61 83 l 8
61 6 m 5
61 88 n 18
61 91 o 3
61 17 p 3
61 61 q 16
61 8 r 5
61 94 s 3
61 48 t 4
62 63 a 7
62 24 b 11
62 2 c 13
62 24 d 3
62 56 e 18
62 83 f 4
62 89 g 2
62 55 h 7
62 74 i 12
62 3 j 16
62 18 k 0
62 57 l 13
62 72 m 13
62 5 n 2
62 14 o 13
62 97 p 8
62 87 q 3
62 66 r 9
62 99 s 14
62 77 t 15
63 64 a 16
63 62 b 9
63 40 c 12
63 31 d 1
63 45 e 13
63 4 f 18
63 37 g 3
63 33 h 14
63 70 i 16
63 35 j 18
63 8 k 18
63 50 l 2
63 65 m 1
63 23 n 1
63 92 o 15
63 87 p 5
63 56 q 17
63 92 r 6
63 91 s 14
63 87 t 10
64 65 a 4
64 13 b 18
64 66 c 4
64 12 d 8
64 64 e 10
64 88 f 13
64 71 g 16
64 31 h 13
64 30 i 13
64 82 j 17
64 99 k 0
64 46 l 8
64 30 m 11
64 36 n 4
64 18 o 16
64 50 p 4
64 32 q 8
64 21 r 17
64 74 s 4
64 11 t 19
65 66 a 0
65 93 b 14
65 90 c 15
65 51 d 19
65 11 e 19
65 8 f 19
65 28 g 7
65 7 h 18
65 77 i 17
65 20 j 1
65 8 k 0
65 37 l 10
65 39 m 0
65 57 n 3
65 73 o 0
65 67 p 15
65 44 q 1
65 26 r 6
65 44 s 0
65 15 t 15
66 67 a 0
66 15 b 6
66 87 c 11
66 98 d 8
66 2 e 4
66 37 f 5
66 83 g 18
66 55 h 2
66 61 i 8
66 79 j 16
66 29 k 2
66 83 l 13
66 16 m 0
66 40 n 14
66 32 o 0
66 86 p 8
66 32 q 4
66 82 r 2
66 3 s 7
66 16 t 10
67 68 a 7
67 18 b 9
67 94 c 9
67 75 d 4
67 53 e 7
67 48 f 17
67 87 g 19
67 11 h 17
67 99 i 4
67 50 j 14
67 13 k 6
67 28 l 18
67 76 m 10
67 70 n 0
67 90 o 12
67 24 p 6
67 41 q 14
67 56 r 11
67 66 s 16
67 63 t 7
68 69 a 5
68 39 b 3
68 77 c 15
68 59 d 8
68 59 e 8
68 71 f 18
68 57 g 11
68 13 h 14
68 1 i 5
68 77 j 5
68 75 k 18
68 57 l 4
68 95 m 1
68 92 n 17
68 97 o 18
68 21 p 10
68 66 q 12
68 9 r 0
68 3 s 7
68 65 t 13
69 70 a 3
69 17 b 15
69 80 c 15
69 6 d 12
69 31 e 14
69 100 f 11
69 79 g 4
69 97 h 10
69 67 i 4
69 48 j 1
69 72 k 14
69 68 l 16
69 100 m 6
69 4 n 7
69 58 o 15
69 4 p 12
69 94 q 18
69 17 r 14
69 55 s 12
69 34 t 16
70 71 a 8
70 46 b 2
70 16 c 15
70 90 d 18
70 44 e 15
70 1 f 13
70 75 g 17
70 88 h 16
70 7 i 19
70 53 j 10
70 94 k 2
70 6 l 0
70 51 m 3
70 73 n 1
70 21 o 18
70 36 p 16
70 37 q 16
70 13 r 8
70 60 s 17
70 23 t 0
71 72 a 9
71 24 b 10
71 77 c 2
71 20 d 5
71 34 e 9
71 55 f 5
71 60 g 6
71 80 h 6
71 34 i 8
71 37 j 17
71 61 k 14
71 9 l 14
71 24 m 11
71 26 n 3
71 88 o 8
71 40 p 15
71 76 q 5
71 88 r 5
71 50 s 3
71 15 t 11
72 73 a 9
72 89 b 5
72 81 c 3
72 74 d 11
72 91 e 11
72 62 f 0
72 4 g 9
72 42 h 19
72 85 i 14
72 65 j 9
72 86 k 8
72 83 l 17
72 28 m 4
72 50 n 2
72 4 o 12
72 79 p 4
72 97 q 10
72 7 r 5
72 83 s 7
72 20 t 6
73 74 a 8
73 29 b 5
73 96 c 19
73 100 d 5
73 25 e 8
73 30 f 19
73 10 g 18
73 41 h 3
73 8 i 7
73 51 j 14
73 32 k 16
73 93 l 17
73 68 m 9
73 48 n 13
73 99 o 6
73 61 p 0
73 11 q 3
73 80 r 1
73 1 s 12
73 27 t 12
74 75 a 12
74 43 b 15
74 49 c 3
74 23 d 10
74 11 e 2
74 77 f 8
74 24 g 12
74 80 h 6
74 29 i 0
74 23 j 10
74 57 k 9
74 27 l 0
74 49 m 13
74 93 n 12
74 27 o 1
74 37 p 6
74 55 q 1
74 73 r 4
74 36 s 15
74 59 t 15
75 76 a 15
75 74 b 11
75 19 c 7
75 56 d 10
75 53 e 19
75 73 f 15
75 7 g 18
75 53 h 18
75 61 i 4
75 27 j 11
75 62 k 6
75 28 l 13
75 66 m 0
75 64 n 1
75 38 o 9
75 76 p 7
75 10 q 8
75 11 r 3
75 93 s 15
75 1 t 10
76 77 a 10
76 57 b 14
76 24 c 8
76 56 d 10
76 94 e 11
76 27 f 10
76 36 g 13
76 53 h 5
76 47 i 12
76 84 j 14
76 97 k 12
76 82 l 17
76 40 m 1
76 63 n 14
76 29 o 7
76 50 p 2
76 41 q 7
76 17 r 5
76 57 s 17
76 8 t 17
77 78 a 6
77 82 b 1
77 54 c 4
77 2 d 4
77 8 e 1
77 28 f 12
77 71 g 6
77 10 h 2
77 97 i 5
77 2 j 7
77 2 k 2
77 22 l 15
77 63 m 16
77 81 n 10
77 47 o 13
77 13 p 7
77 68 q 18
77 13 r 19
77 47 s 11
77 32 t 0
78 79 a 2
78 38 b 12
78 50 c 10
78 23 d 1
78 19 e 0
78 87 f 14
78 58 g 6
78 13 h 1
78 82 i 6
78 68 j 8
78 91 k 11
78 35 l 1
78 2 m 14
78 90 n 1
78 1 o 11
78 43 p 17
78 35 q 3
78 4 r 13
78 13 s 10
78 61 t 3
79 80 a 8
79 76 b 4
79 7 c 2
79 37 d 0
79 100 e 11
79 9 f 5
79 64 g 14
79 16 h 1
79 14 i 12
79 44 j 14
79 53 k 16
79 61 l 9
79 100 m 9
79 68 n 7
79 39 o 15
79 97 p 7
79 71 q 11
79 85 r 4
79 27 s 2
79 44 t 5
80 81 a 5
80 24 b 3
80 94 c 0
80 30 d 8
80 3 e 17
80 73 f 14
80 63 g 16
80 84 h 5
80 20 i 16
80 97 j 12
80 68 k 8
80 27 l 6
80 82 m 19
80 31 n 5
80 35 o 11
80 87 p 8
80 58 q 17
80 20 r 18
80 96 s 4
80 68 t 16
81 82 a 2
81 47 b 5
81 70 c 15
81 35 d 19
81 50 e 9
81 54 f 1
81 83 g 1
81 98 h 8
81 16 i 4
81 7 j 9
81 99 k 17
81 85 l 3
81 56 m 13
81 57 n 16
81 67 o 12
81 42 p 6
81 66 q 4
81 43 r 16
81 19 s 6
81 49 t 6
82 83 a 4
82 15 b 9
82 69 c 12
82 65 d 13
82 25 e 16
82 68 f 12
82 7 g 6
82 31 h 2
82 23 i 10
82 29 j 5
82 13 k 11
82 59 l 7
82 47 m 14
82 9 n 2
82 55 o 2
82 34 p 19
82 29 q 1
82 22 r 15
82 45 s 0
82 49 t 5
83 84 a 19
83 17 b 13
83 33 c 4
83 33 d 15
83 21 e 3
83 47 f 14
83 11 g 9
83 78 h 8
83 37 i 18
83 7 j 18
83 53 k 9
83 75 l 19
83 34 m 0
83 19 n 3
83 94 o 17
83 26 p 0
83 52 q 4
83 41 r 19
83 10 s 1
83 90 t 2
84 85 a 12
84 38 b 7
84 13 c 12
84 40 d 4
84 6 e 18
84 65 f 0
84 29 g 17
84 74 h 4
84 85 i 5
84 2 j 5
84 14 k 3
84 86 l 5
84 47 m 15
84 65 n 10
84 21 o 10
84 61 p 15
84 81 q 18
84 5 r 15
84 12 s 17
84 15 t 10
85 86 a 0
85 41 b 10
85 35 c 17
85 36 d 0
85 77 e 9
85 13 f 19
85 10 g 5
85 37 h 3
85 38 i 15
85 22 j 2
85 54 k 19
85 38 l 7
85 2 m 16
85 100 n 11
85 60 o 2
85 88 p 0
85 57 q 0
85 47 r 6
85 57 s 18
85 40 t 11
86 87 a 10
86 42 b 1
86 18 c 0
86 29 d 12
86 96 e 10
86 21 f 17
86 13 g 10
86 49 h 1
86 5 i 17
86 15 j 15
86 10 k 14
86 24 l 9
86 100 m 12
86 20 n 7
86 17 o 17
86 64 p 16
86 90 q 12
86 44 r 4
86 45 s 9
86 58 t 4
87 88 a 1
87 78 b 2
87 31 c 2
87 65 d 10
87 94 e 5
87 6 f 18
87 53 g 9
87 66 h 3
87 38 i 11
87 39 j 12
87 29 k 4
87 79 l 9
87 95 m 0
87 35 n 4
87 39 o 13
87 42 p 0
87 35 q 11
87 67 r 2
87 74 s 13
87 17 t 3
88 89 a 14
88 4 b 3
88 88 c 12
88 79 d 17
88 29 e 14
88 44 f 4
88 35 g 14
88 70 h 9
88 25 i 17
88 21 j 2
88 60 k 13
88 29 l 9
88 16 m 11
88 36 n 10
88 41 o 9
88 82 p 19
88 72 q 19
88 73 r 5
88 96 s 6
88 45 t 9
89 90 a 1
89 21 b 9
89 89 c 8
89 61 d 6
89 84 e 13
89 3 f 2
89 50 g 16
89 22 h 18
89 10 i 6
89 76 j 0
89 39 k 10
89 22 l 9
89 51 m 13
89 39 n 15
89 93 o 6
89 14 p 6
89 57 q 18
89 34 r 14
89 39 s 6
89 32 t 12
90 91 a 18
90 42 b 5
90 47 c 18
90 1 d 0
90 88 e 13
90 19 f 14
90 64 g 7
90 10 h 4
90 56 i 6
90 47 j 7
90 95 k 15
90 51 l 4
90 76 m 12
90 65 n 12
90 5 o 8
90 35 p 1
90 56 q 0
90 76 r 12
90 54 s 15
90 19 t 3
91 92 a 3
91 57 b 11
91 44 c 18
91 5 d 6
91 72 e 5
91 42 f 19
91 18 g 7
91 87 h 9
91 62 i 1
91 53 j 12
91 30 k 5
91 63 l 16
91 11 m 4
91 93 n 2
91 89 o 14
91 58 p 9
91 88 q 17
91 98 r 3
91 45 s 11
91 60 t 19
92 93 a 3
92 12 b 5
92 23 c 3
92 82 d 6
92 13 e 0
92 22 f 1
92 27 g 7
92 6 h 10
92 67 i 12
92 2 j 14
92 92 k 11
92 60 l 14
92 67 m 2
92 22 n 4
92 12 o 8
92 85 p 1
92 60 q 1
92 86 r 18
92 6 s 10
92 20 t 7
93 94 a 6
93 70 b 13
93 52 c 12
93 45 d 17
93 1 e 13
93 74 f 0
93 81 g 4
93 77 h 18
93 14 i 18
93 70 j 2
93 22 k 7
93 90 l 15
93 73 m 6
93 98 n 9
93 95 o 3
93 44 p 19
93 5 q 1
93 54 r 7
93 50 s 2
93 42 t 16
94 95 a 17
94 61 b 19
94 11 c 16
94 19 d 13
94 9 e 11
94 11 f 1
94 22 g 11
94 38 h 0
94 82 i 8
94 11 j 13
94 43 k 19
94 93 l 2
94 81 m 17
94 76 n 17
94 91 o 1
94 69 p 11
94 65 q 19
94 72 r 6
94 8 s 13
94 42 t 12
95 96 a 16
95 8 b 8
95 20 c 14
95 94 d 15
95 77 e 11
95 5 f 11
95 28 g 17
95 59 h 1
95 85 i 5
95 56 j 1
95 7 k 11
95 16 l 14
95 54 m 14
95 70 n 2
95 18 o 9
95 84 p 6
95 26 q 16
95 39 r 3
95 10 s 9
95 96 t 7
96 97 a 7
96 4 b 18
96 5 c 6
96 63 d 13
96 11 e 5
96 24 f 0
96 24 g 15
96 55 h 11
96 5 i 17
96 11 j 17
96 82 k 6
96 93 l 18
96 99 m 6
96 90 n 5
96 67 o 17
96 67 p 6
96 18 q 11
96 33 r 14
96 65 s 3
96 4 t 2
97 98 a 18
97 14 b 15
97 51 c 16
97 55 d 7
97 42 e 2
97 11 f 19
97 75 g 4
97 69 h 6
97 89 i 13
97 8 j 6
97 15 k 19
97 13 l 0
97 93 m 2
97 66 n 3
97 11 o 7
97 14 p 5
97 32 q 9
97 89 r 6
97 98 s 2
97 99 t 9
98 99 a 9
98 57 b 8
98 86 c 5
98 35 d 10
98 87 e 1
98 56 f 13
98 69 g 8
98 60 h 11
98 77 i 6
98 70 j 15
98 72 k 9
98 1 l 8
98 51 m 1
98 41 n 7
98 29 o 10
98 77 p 3
98 76 q 14
98 84 r 11
98 26 s 14
98 87 t 4
99 100 a 12
99 7 b 6
99 74 c 10
99 5 d 11
99 17 e 10
99 81 f 13
99 49 g 12
99 51 h 13
99 87 i 0
99 17 j 19
99 71 k 0
99 21 l 11
99 28 m 13
99 29 n 9
99 75 o 1
99 80 p 10
99 14 q 14
99 80 r 12
99 44 s 2
99 59 t 6
100 1 a 14
100 31 b 8
100 50 c 14
100 8 d 14
100 76 e 6
100 86 f 10
100 91 g 18
100 15 h 3
100 7 i 16
100 53 j 16
100 55 k 14
100 89 l 1
100 40 m 6
100 31 n 3
100 91 o 2
100 25 p 8
100 44 q 18
100 58 r 17
100 55 s 11
100 70 t 13